108.63
81.833
95.705
76.596
77.562
90.351
88.336
63.196
57.01
63.532
58.763
80.894
73.831
74.48
59.586
91.694
86.591
78.656
95.318
66.89
86.221
85.227
85.239
69.061
84.903
72.277
66.553
61.951
95.567
67.311
77.406
61.87
75.543
31.519
63.696
58.603
64.783
76.801
75.12
109.17
71.423
76.25
56.46
72.839
59.93
80.454
92.796
86.064
69.491
55.542
101.9
110.75
81.808
65.151
97.967
71.11
72.953
93.296
59.222
50.649
86.31
86.011
81.427
87.45
96.234
94.557
71.471
92.15
82.599
72.417
62.1
89.705
74.696
80.697
68.106
56.742
82.574
79.068
97.985
92.026
95.8
68.767
65.955
60.964
87.47
121.84
90.914
68.404
92.55
63.075
58.633
90.762
68.331
84.74
101.1
86.017
93.945
55.913
89.923
112.08
88.117
56.887
76.953
72.501
85.745
86.181
86.082
74.543
71.011
71.156
92.803
52.205
76.89
84.056
70.208
87.158
78.93
65.925
82.42
75.977
73.852
69.33
80.922
52.308
74.025
71.847
66.322
89.79
68.986
88.109
94.638
77.647
84.167
89.593
78.785
88.113
61.062
96.656
65.157
52.567
100.77
79.059
86.734
74.551
64.691
33.905
89.394
75.7
77.04
86.084
58.71
69.058
97.21
88.968
60.781
46.951
71.431
83.21
94.136
81.406
63.165
84.592
62.415
65.586
70.194
61.559
75.936
66.501
75.715
73.064
73.853
72.447
98.499
89.155
80.886
57.996
55.613
50.529
119.08
94.586
83.855
65.386
62.805
88.215
103.48
54.6
73.259
78.736
50.12
92.619
73.78
108.68
74.137
86.138
62.864
70.627
62.469
85.889
99.528
71.095
86.546
72.435
81.532
97.944
81.804
64.447
67.143
77.452
77.125
67.013
82.71
98.998
76.232
76.931
46.977
68.382
59.101
74.206
87.884
102.85
106.98
78.247
75.197
92.263
87.352
91.479
91.674
57.795
88.105
78.627
68.596
69.596
99.222
67.854
61.448
83.22
110.16
80.383
84.624
65.926
105.11
81.875
87.952
65.719
92.811
85.837
62.66
80.596
73.241
81.639
76.242
77.151
64.506
75.151
91.498
106.17
62.592
115.66
102.89
82.528
75.482
69.52
92.492
69.581
73.072
93.254
86.539
93.451
87.571
73.987
72.292
91.946
69.932
97.8
91.861
84.316
80.048
85.484
132.9
78.313
56.651
108.73
89.148
70.281
119.26
88.264
84.413
68.332
64.026
53.474
73.656
64.203
89.716
75.236
106.53
102.66
82.46
75.759
97.282
62.802
90.105
69.963
73.995
69.923
88.634
68.329
64.047
88.295
73.649
85.424
74.722
84.043
41.533
86.988
107.8
95.589
93.663
76.404
82.715
83.664
81.446
67.543
74.716
77.378
72.79
92.553
118.08
60.15
81.925
58.364
99.538
101.15
55.062
109.16
63.73
83.402
96.484
82.208
114.43
121.29
82.075
51.394
74.525
67.278
68.529
63.085
81.173
111.6
69.262
75.792
97.497
98.192
87.283
95.39
93.061
74.274
86.433
75.513
66.502
89.521
81.012
77.193
84.376
94.815
85.894
82.918
84.197
80.768
68.383
91.802
101.13
71.989
108.92
77.356
76.344
66.536
68.115
65.705
85.309
103.96
87.912
92.813
100.13
42.507
77.487
85.295
90.759
60.427
64.912
91.86
78.251
88.296
65.59
55.493
91.418
97.9
104.48
57.017
59.947
57.892
79.375
70.767
99.712
58.174
53.865
83.08
97.894
67.958
61.015
77.76
55.453
80.26
92.426
83.266
51.361
71.948
75.47
107.2
93.723
79.144
99.64
64.329
74.776
101.19
102.54
90.956
87.361
71.208
91.173
67.578
88.618
84.228
97.09
73.612
89.542
91.898
66.524
82.344
103.96
81.687
75.371
86.85
75.873
86.647
77.979
79.725
86.912
100.43
86.778
104.73
49.575
73.261
83.54
67.472
60.861
89.256
89.191
84.341
85.93
66.942
72.535
78.4
69.683
84.978
115.48
72.767
89.712
64.484
100.09
65.463
83.131
70.721
87.68
80.17
79.34
124.24
70.549
79.297
120.25
62.8
88.295
63.853
95.46
84.913
89.782
75.817
83.678
102.09
45.873
55.501
86.232
70.178
75.555
57.546
66.427
73.937
69.113
67.003
73.672
65.86
100.13
65.173
107.27
74.383
58.224
70.72
94.018
95.839
82.403
84.311
89.494
58.114
71.274
52.548
73.263
94.239
90.762
114.32
82.501
47.653
105.34
99.234
71.261
83.339
91.692
85.771
90.446
78.309
79.418
81.321
68.155
101.34
80.095
90.297
67.176
63.871
78.635
76.208
97.922
89.091
88.108
58.326
65.485
83.031
74.782
99.351
100.12
71.288
93.127
100.93
84.815
104.35
95.936
83.212
93.152
82.916
73.777
85.377
80.543
74.531
106.57
83.319
120.96
75.558
88.464
103.74
120.94
84.553
68.146
92.051
60.201
75.892
84.078
102.34
101.56
79.587
93.859
75.181
89.917
108.73
82.351
75.492
72.499
90.747
100.06
111.89
80.811
82.446
70.509
104.18
78.868
72.901
112.76
92.148
90.745
64.916
86.51
87.802
63.616
76.613
73.926
87.918
64.896
96.335
106.77
75.444
79.87
87.6
98.049
87.83
85.956
72.758
76.528
89.201
105.24
88.526
61.91
86.496
78.618
76.339
76.712
66.803
75.188
68.234
74.526
81.759
82.615
76.765
77.711
80.505
86.874
99.224
89.301
75.7
88.97
76.317
53.289
44.791
54.296
76.443
70.706
69.198
80.61
70.115
70.542
89.144
91.735
116.55
84.536
80.875
71.388
77.072
79.242
53.663
76.14
91.243
71.439
87.414
94.872
96.157
91.653
46.102
71.534
93.522
85.92
80.073
86.554
96.951
82.307
68.621
77.298
76.883
93.451
86.185
88.213
82.218
74.566
80.917
83.251
59.028
82.683
93.914
78.347
103.59
88.407
73.695
77.691
75.872
83.617
91.32
75.621
86.877
106.33
93.972
92.379
67.778
71.987
83.638
78.49
55.624
57.284
95.393
68.628
111.18
46.67
86.731
80.009
68.656
86.065
68.092
92.897
81.003
55.409
43.629
75.743
97.187
82.718
80.814
90.316
59.099
101.38
66.592
80.566
74.546
82.243
50.832
102.86
88.187
110.15
101.25
80.172
65.914
53.916
80.255
83.287
95.687
65.735
91.922
81.071
68.395
91.612
83.985
76.473
108.16
89.139
78.346
84.162
81.306
82.604
86.804
70.947
68.045
85.41
108.28
75.398
64.809
76.422
72.74
75.09
87.133
78.05
71.085
73.343
60.162
67.107
58.805
72.26
63.724
69.393
75.475
61.993
79.71
85.106
65.552
96.709
56.208
74.123
57.73
74.831
60.141
71.377
68.889
62.225
49.027
88.476
110
113.35
72.617
79.31
73.014
81.139
66.218
51.208
79.453
61.623
51.463
115.61
76.5
86.058
97.887
54.729
86.197
87.526
81.246
82.367
72.081
90.846
67.251
68.054
90.88
105.3
74.204
72.424
86.121
96.085
94.52
84.052
70.484
89.446
78.811
100.65
58.877
82.118
99.346
72.576
70.628
65.995
75.819
76.992
82.051
66.75
81.238
70.942
74.469
67.427
75.763
133.55
131.11
97.204
91.809
60.828
71.231
70.709
88.03
87.245
81.627
74.896
66.112
80.08
97.087
86.41
82.715
89.862
88.764
55.753
80.282
73.611
49.49
60.072
75.202
92.381
76.561
83.934
66.53
47.64
81.409
65.732
97.589
106.03
74.425
97.893
94.305
58.774
79.5
83.917
87.845
90.152
90.116
90.176
75.311
85.689
46.207
62.475
98.029
70.089
84.913
102.62
66.666
65.611
72.609
86.616
76.929
65.333
56.406
74.446
76.683
71.972
76.07
63.569
88.239
