88.065
107.51
46.117
92.933
84.781
60.385
73.496
85.139
133.68
121.54
59.752
125.52
90.881
79.054
90.721
76.926
78.138
102.35
101.14
101.26
90.072
61.888
90.759
104.45
87.333
95.52
90.903
75.448
84.408
68.191
93.326
62.794
63.967
67.858
35.836
101.58
84.878
68.676
100.55
54.327
78.466
76.378
84.788
84.693
67.027
79.549
77.527
89.416
96.399
96.639
67.045
81.16
61.788
63.297
79.897
102.99
68.455
85.571
76.616
96.76
63.664
80.488
88.288
96.509
103.16
81.289
57.626
68.865
64.076
115.26
70.766
91.221
77.114
93.329
68.527
58.966
58.664
87.323
77.339
77.059
101.29
84.374
82.967
103.82
67.933
90.449
92.526
76.344
83.235
62.512
62.781
81.573
90.834
118.78
69.997
82.81
78.763
51.005
73.416
53.08
92.606
66.68
81.501
71.832
84.553
70.995
87.349
91.09
105.68
77.088
47.925
67.406
100.32
63.918
94.414
81.861
101.55
50.587
77.035
61.882
123.62
92.378
100.68
64.127
72.971
75.913
96.476
75.832
90.523
49.223
74.692
67.646
56.344
87.62
84.23
80.502
59.995
96.912
85.253
75.514
80.343
76.07
53.747
75.715
67.53
65.312
62.654
71.997
49.96
94.463
87.801
79.7
79.478
68.028
95.28
78.002
69.282
100.27
76.628
71.165
75.594
67.281
63.198
117.89
104.83
84.613
61.143
67.018
77.352
91.871
60.02
45.052
58.264
85.003
85.87
86.775
78.046
82.755
72.858
92.93
59.575
86.825
67.269
74.977
88.292
95.586
63.235
98.91
89.902
78.982
77.072
76.736
75.453
80.346
80.769
92.391
102.9
87.004
76.854
89.378
82.748
64.553
94.238
84.606
82.028
87.729
83.921
65.878
77.565
77.809
72.02
105.23
66.864
72.743
69.32
62.387
77.116
75.889
102.95
76.265
64.037
104.05
98.52
76.556
57.408
73.331
77.661
84.141
76.083
86.651
85.878
61.24
65.781
68.883
72.383
75.191
80.187
34.562
73.145
98.637
63.999
94.006
85.255
79.565
82.737
56.524
78.732
104.06
81.475
80.621
68.987
79.538
83.485
86.396
74.408
76.453
110.36
46.125
113.44
85.063
95.001
55.038
71.149
75.829
86.341
54.947
87.075
61.807
80.993
89.785
84.906
96.24
95.091
70.236
83.856
65.834
60.173
93.872
80.001
79.176
93.667
88.919
85.253
98.754
93.947
83.596
69.645
70.227
97.882
55.823
79.633
50.767
95.307
92.926
80.017
78.937
42.706
88.718
47.113
45.211
81.199
65.773
86.172
90.155
92.866
69.633
86.741
81.51
92.391
88.042
93.468
78.021
77.792
95.117
48.145
72.431
60.941
74.261
89.73
92.386
64.776
72.934
82.055
75.622
84.527
85.999
66.051
77.348
48.019
97.18
70.564
61.942
76.191
58.57
79.687
71.59
112.67
97.077
42.547
86.62
59.028
76.174
82.466
91.216
75.904
103.64
72.786
84.913
89.971
81.278
93.214
84.848
68.238
52.919
107.88
70.932
81.55
88.448
81.704
66.429
72.984
78.127
102.18
67.088
91.77
84.629
76.492
64.145
75.738
78.7
57.959
82.883
67.666
78.586
85.043
66.43
75.676
85.251
52.462
95.54
116.37
94.391
75.263
86.429
64.46
108.17
94.111
91.81
66.862
84.799
71.626
75.329
71.45
64.614
66.369
76.852
54.517
89.114
78.233
90.487
84.045
87.414
57.753
64.696
73.295
81.645
96.931
75.651
98.923
87.131
97.612
81.904
70.148
57.779
82.332
92.278
75.611
71.888
75.37
63.551
72.605
77.289
80.688
79.043
89.17
81.64
107.21
84.68
107.07
69.153
87.898
76.096
89.002
88.909
47.21
60.094
58.385
86.028
102.05
75.098
92.185
88.183
64.226
85.962
68.722
102.74
79.512
104.54
73.624
88.842
79.058
49.671
65.268
89.188
79.177
63.219
70.604
83.743
65.105
94.624
70.389
107.13
63.802
82.988
57.185
69.146
71.101
86.02
94.132
84.507
74.404
92.232
91.983
81.803
88.569
86.192
65.196
91.394
70.142
70.941
82.654
75.387
78.023
88.93
95.702
77.031
84.915
76.425
83.444
86.6
70.747
84.123
89.017
81.385
105.95
70.872
68.944
53.752
93.657
93.006
78.802
93.477
82.756
84.362
81.694
86.599
81.525
121.81
62.5
52.186
62.89
63.6
73.496
77.473
76.722
88.12
85.839
91.268
106.67
98.346
60.751
45.066
93.529
52.465
81.001
80.532
113.41
78.962
72.39
83.537
83.687
81.051
70.871
61.661
84.748
59.857
64.517
99.968
73.716
77.895
93.497
75.498
95.44
74.824
95.192
89.44
76.805
67.015
64.353
75.949
73.428
73.87
94.753
75.535
97.155
72.026
94.588
72.166
82.649
94.561
73.79
73.426
110.05
94.265
73.52
89.734
74.599
90.588
101.24
55.932
95.433
101.87
80.712
106.19
82.331
61.443
47.098
74.999
90.703
84.761
86.204
71.344
82.16
55.42
68.599
67.718
87.796
79.788
62.667
79.857
69.653
70
92.962
81.701
85.975
93.26
82.704
88.263
90.244
97.559
87.138
101.18
80.339
79.282
105.52
72.354
79.957
93.798
82.247
101.07
95.512
84.374
68.335
88.5
59.261
83.667
92.127
83.196
93.195
110.58
93.859
84.004
89.625
86.382
60.279
73.754
98.37
79.346
88.736
64.902
80.968
89.004
59.577
85.214
77.272
65.907
79.437
51.555
48.08
62.346
65.142
62.405
54.119
84.323
56.087
81.653
91.806
79.967
81.397
74.328
57.76
79.343
94.412
106.07
73.547
55.59
82.495
85.644
76.596
62.766
110.36
44.607
72.35
60.176
70.458
84.768
82.071
69.339
91.655
89.336
89.711
73.616
95.729
89.911
117.63
95.952
97.354
80.795
60.674
74.432
68.633
71.54
88.327
71.648
66.573
73.86
77.587
86.14
65.71
84.76
81.17
99.866
76.802
77.983
62.43
59.221
84.658
76.258
87.556
66.61
